90% insertion

    1000000 ->  3,1
    1150000 ->  3,7
    1300000 ->  4,3
    1450000 ->  4,8
    1600000 ->  5,8
    1750000 ->  6,0
    1900000 ->  6,7
    2050000 ->  7,3
    2200000 ->  8,4
    2350000 ->  8,4
    2500000 ->  9,2
    2650000 ->  9,7
    2800000 -> 10,3
    2950000 -> 11,6
    3100000 -> 12,2
    3250000 -> 12,7
    3300000 -> 12,5
    3450000 -> 13.5
    3600000 -> 14,0
    3750000 -> 14,9

10% insertion

    1000000 -> 1,3
    1150000 -> 1,5
    1300000 -> 1,7
    1450000 -> 2,0
    1600000 -> 2,3
    1750000 -> 2,5
    1900000 -> 2,8
    2050000 -> 3,1
    2200000 -> 3,7
    2350000 -> 3,5
    2500000 -> 3,9
    2650000 -> 4,1
    2800000 -> 4,7
    2950000 -> 4,6
    3100000 -> 5,0
    3250000 -> 5,3
    3300000 -> 5,4
    3450000 -> 6,0
    3600000 -> 6,2
    3750000 -> 6,5